{
    "aq" : 15,
    "gr" : 836963.0,
    "h" : 23.0,
    "iaq" : 133.0,
    "p" : 980.70000000000002,
    "rh" : 22.25,
    "rt" : 23.949999999999999,
    "t" : 21.5200000,
    "ts" : "2024-05-11T13:54:31.297Z"
    }